.Random.seed <-
c(403L, 403L, 974193522L, 389032388L, 1436963207L, 452406109L, 
-1833835180L, 2459514L, -474454331L, 2105174047L, -1264021594L, 
-501878480L, 1516628947L, 977744369L, -767371488L, 221028798L, 
-788344375L, -1508899461L, -709512374L, -825576532L, -486073681L, 
-776705947L, 1204357148L, 947422834L, -1128736531L, -1333290713L, 
-238025394L, 1393673640L, -364838485L, -566674743L, -651547944L, 
1767577478L, -303723935L, -993602573L, -656963998L, -619519788L, 
266987991L, 1816206285L, -328159388L, 1546451786L, 1989380789L, 
619002383L, -1549837546L, 1121056192L, -1927273085L, 1726180257L, 
-1223511152L, -1493077906L, -210053607L, 758511275L, 476826266L, 
-650856868L, -1050074273L, -142893771L, -399307572L, -914426334L, 
583157885L, 1853272439L, -2114511202L, -1755312808L, -888636229L, 
-1511636391L, 49342952L, 27036694L, 548714385L, 1519065155L, 
-1074143406L, -1191894044L, 1222867495L, 1030754941L, -309408908L, 
-1885460646L, -1403444827L, -955204161L, 1747770950L, -928682800L, 
-31930637L, -284966895L, -1719753152L, 453904926L, 531596521L, 
1616850459L, -1829024214L, 1535848780L, 609811215L, 61828677L, 
-684599300L, -2047193518L, -221162547L, -1054483065L, -857073554L, 
1091362888L, 1744654923L, -925282391L, -1307377928L, 2084215334L, 
-1831398591L, -482674477L, 1925692546L, 1031076532L, -1396593097L, 
369956141L, 43261508L, -1281055894L, 668774357L, 1619589487L, 
182719606L, -686260320L, -1133942685L, 882011393L, 1259593840L, 
1520004110L, 1867336825L, -1071145973L, -1461283526L, -221371332L, 
1534063487L, -351862571L, -525749012L, -1249194430L, 708067741L, 
-1897778153L, 1674307966L, 416952120L, -1630148581L, -1115494023L, 
-1442623544L, 185521142L, 853935665L, 1296826467L, 1501626418L, 
-613663356L, 692929479L, 1255581341L, -1241477612L, 2034521274L, 
-1410285307L, 1419731679L, -868331674L, -469211408L, -193765869L, 
1067284401L, 1481720416L, 150061054L, 1289334665L, 953886907L, 
-610876278L, 663066476L, 451421423L, 1870008101L, -810354212L, 
101197746L, -66277715L, 1945405031L, 1168553358L, 1933410920L, 
-1476477333L, -1347397623L, -1611446632L, -2125921850L, 1731580193L, 
1763271091L, -552116958L, 1196201748L, 1893191575L, -1493921907L, 
-784469340L, 1268317322L, -1330203915L, -758852273L, -1272094122L, 
399540480L, -1037896637L, 1375721441L, 1108932432L, -1470830162L, 
1567139673L, 1880632683L, 1634301146L, -278397540L, -1320967777L, 
326476789L, -258657652L, -120416414L, -1667782851L, -237641L, 
-1219998626L, -1640308328L, 2059937019L, 977555609L, -128589528L, 
-1199065130L, 666448977L, -720298237L, -1519249774L, 702706724L, 
-2053801241L, 1571163965L, 1121259444L, -1582631910L, 937742181L, 
-1581288961L, -1559602042L, 1289068560L, 1061651123L, 1146978641L, 
-1503624960L, 670106590L, 1199976489L, 1287555035L, -1163283222L, 
-198782324L, -177975857L, 2035417477L, -76416452L, -1219240174L, 
1505461261L, -1982787769L, 1572498734L, 314928264L, 406649227L, 
1393344873L, 2024794936L, -2072554010L, -1674645119L, -1338710765L, 
1027924674L, 1463446900L, 100240759L, -259251344L, 13494564L, 
-1787809224L, 24936858L, 1525909968L, 39525820L, 1924343956L, 
1624571010L, 458606016L, -646233284L, -1412008816L, 883663650L, 
49491464L, 1899359500L, 2110985628L, -1199055342L, 1570048896L, 
-1018715372L, 780669224L, -2126943174L, -1337594928L, 859472492L, 
1199618612L, -1655793006L, 1241881952L, 470698316L, 1879496672L, 
-1956244062L, 573504936L, 632907404L, 1995521468L, -1492521358L, 
827063280L, -638568892L, -33916840L, 721049658L, 522709104L, 
437696572L, -636471020L, 370705090L, 1254854368L, 1385719932L, 
1905872592L, 1979455906L, 887189544L, -190948596L, 1568264636L, 
1226330930L, -1427367232L, -1492638668L, 607721160L, -510364486L, 
129169040L, -431870228L, -129963436L, 1158185618L, 1751679264L, 
-1833276980L, 965919456L, -120547134L, -1822837720L, 239630252L, 
-2085879108L, 262114290L, 643444272L, -2050824284L, -1892373064L, 
1158965082L, 1124970640L, -1864277124L, 1188303124L, -825538238L, 
-189437696L, -759558724L, 57608528L, -603117278L, 227361352L, 
291989516L, -724089252L, 203074002L, 145231360L, 1465572692L, 
-461435672L, 454887674L, 854302416L, -529708244L, 1634543860L, 
-1943166574L, 265274720L, 1942680588L, -182694688L, -1633136030L, 
2147050664L, 1369130060L, 1787551612L, -1797719758L, -801381776L, 
471626564L, 1819196376L, 1709058938L, -482936784L, -1361231940L, 
-621057452L, 2027794498L, -909949280L, -1614576964L, 608289744L, 
1460966754L, -1810907416L, 1203412172L, -1350149636L, -1236525582L, 
2051513472L, -1669907980L, -1393606008L, -953713862L, 1100768592L, 
-34192276L, -607122028L, -980293550L, -789004832L, 1477752012L, 
948903584L, -1789193854L, 841474280L, 1190906604L, -1823744708L, 
1670350962L, -402365840L, -1534256604L, -1918228424L, 1753561370L, 
882877648L, 470882620L, 893162388L, 1324013442L, 1256328128L, 
-1503455684L, 2029273488L, 1087301666L, -1778529016L, 1451976844L, 
-1458548964L, 821083282L, 386583936L, 685486100L, -1103223000L, 
1659905594L, 1528744400L, 1309753708L, 1214954420L, 1446564370L, 
-437217312L, 602044876L, 540137696L, -846384094L, 1931688744L, 
-1355568628L, -1601981636L, 190597106L, 479068912L, 406915652L, 
-2048166312L, -171632838L, 874174448L, 2040965820L, 356500756L, 
-1064440638L, 2067393632L, 1969831292L, 1658879952L, 381618466L, 
-501936472L, -548470900L, -1924832068L, 487166770L, -2074528192L, 
-1085606732L, 1860455496L, 207277498L, 1719261712L, -1840575252L, 
1089130836L, -1629373678L, 1081181600L, -1478700340L, -1568224672L, 
203630530L, 672686888L, -1705434708L, -1360186052L, -1780235406L, 
1214768432L, 314285860L, 1584260408L, 639575770L, -1080821872L, 
-1261812996L, -800171116L, -429611966L, 1889742080L, 2003255356L, 
-444297904L, 1715942562L, 536623944L, 1113370380L, -1272803620L, 
974423890L, 185820800L, -1128853420L, 706282472L, 272255738L, 
497134928L, -75827412L, -1131582604L, -2119859310L, -1176352160L, 
1510485900L, -1157785760L, 1814617058L, -1637217368L, -1866756916L, 
1830636028L, -1888727118L, -2130207248L, 268991940L, -1034849960L, 
-944082841L, -771035760L, -1600627282L, -1340749733L, 332005437L, 
-2108500310L, 670167880L, -1102284943L, 133751011L, 1725921252L, 
-717754606L, -961400089L, 1047753905L, -1172285706L, 2016100628L, 
421656101L, 1206504239L, 370228456L, 813440454L, 1664461939L, 
-593910059L, -2090476366L, 117543040L, 1695054953L, 909822171L, 
-1899242452L, 871867450L, 1299935983L, 975990137L, -796376562L, 
1576219612L, 1740717133L, 2009001911L, 1484214592L, -319031266L, 
-1039159573L, 1967767149L, -372676902L, -146434408L, -1744593663L, 
588227251L, -1623560748L, 486059234L, -555481737L, 683785409L, 
1342308422L, 380989316L, -960116427L, -1403726049L, 1817229944L, 
1327456086L, 1906261475L, 1658049445L, 2108285506L, -508755920L, 
-1630538663L, 2079173067L, 101870140L, 1013621866L, 712062623L, 
-1742390487L, -2109581378L, -2036734292L, -1705292803L, 1947943751L, 
1117840432L, -1226619570L, -1381180037L, 109808349L, 1045842698L, 
822299176L, 1435624081L, -694246781L, 1784161156L, 1924499890L, 
6502151L, 1956255057L, -161882922L, -2018657868L, -847794747L, 
549485839L, -1831302264L, -1433087322L, -1989328301L, 2112129973L, 
1374337298L, 580037344L, 2054111049L, 1594773883L, -111035316L, 
-1282277926L, 1695563727L, 531349913L, -1320078930L, 11685564L, 
59785005L, -1235436329L, -634878688L, 1979257470L, -1486824373L, 
-642003379L, 847279226L, -2075609928L, -1231913375L, -1921825773L, 
889418292L, 112636994L, -2032989097L, -387954783L, -1414629274L, 
-1544994716L, 1570282389L, 630205631L, 1721097304L, -761296778L, 
1538308227L, 1299085509L, 1644803554L, -1200489392L, 1864422777L, 
-180868437L, -1691422180L, 2144488778L, 2059056447L, 288830345L, 
-1654305890L, -1221408180L, -2011214819L, -558463577L, 929380560L, 
-490280338L, -1278839525L, 454094461L, -1573962646L, 887859464L, 
-1240613455L, 1023334947L, 1660174116L, 361793490L, -406830041L, 
-2100593039L, -555744074L, -1257946028L, -263406363L, 1683507439L, 
